195
337
356
123
321
114
299
266
187
241
364
309
314
83
250
178
392
145
304
346
102
346
199
264
280
241
163
251
119
85
73
90
55
208
397
44
216
183
135
307
56
68
54
344
103
247
386
322
200
395
163
149
180
67
334
126
395
136
228
400
182
76
107
73
360
328
253
328
43
261
320
192
360
218
237
54
138
157
309
391
112
143
305
108
234
231
256
248
204
111
393
50
347
100
331
98
136
184
120
216
300
97
336
392
357
336
264
356
46
223
55
373
342
134
92
247
328
66
253
116
376
159
74
152
350
346
310
232
173
106
316
193
300
78
397
250
261
371
311
52
162
352
265
198
379
192
307
361
216
125
312
386
311
88
224
333
58
182
225
187
292
149
115
230
365
326
94
347
79
101
59
365
306
333
389
311
266
270
233
230
262
256
394
313
309
366
255
295
228
93
230
390
190
198
399
132
51
57
141
241
63
183
159
75
90
309
226
121
74
262
294
297
104
388
154
371
172
141
365
318
259
245
237
163
207
341
136
129
250
84
157
269
117
334
228
254
155
227
242
226
375
108
121
182
329
167
135
74
359
239
173
62
46
116
69
293
132
67
113
287
78
152
63
332
206
297
87
338
345
41
156
219
76
243
373
293
389
308
273
213
193
48
144
383
326
55
139
363
87
347
341
308
396
329
169
390
279
74
361
217
54
332
82
56
133
93
318
259
315
41
187
345
99
167
158
350
279
103
127
250
77
324
153
136
146
321
272
325
334
391
74
370
343
94
174
74
247
227
232
40
135
106
264
58
286
94
300
103
66
140
253
241
361
56
188
303
187
387
113
179
299
190
50
142
176
193
241
217
236
186
291
255
285
315
111
236
321
343
168
318
229
148
225
45
196
58
44
65
361
117
152
188
377
292
241
306
69
231
114
346
242
356
173
294
391
355
171
55
151
360
267
337
137
382
66
227
177
44
136
321
269
141
245
105
207
358
364
118
296
396
393
227
306
58
41
171
152
127
364
268
351
327
127
285
179
178
160
277
320
136
278
284
76
389
44
197
295
325
398
281
167
321
272
256
44
177
224
373
309
202
378
299
395
257
146
129
220
188
326
113
171
278
72
223
352
98
285
233
175
339
111
343
362
317
300
316
66
379
302
320
260
230
187
163
96
47
334
329
74
83
103
247
71
62
247
383
51
156
199
122
105
141
109
156
255
220
44
316
231
92
310
63
194
147
369
308
170
200
127
221
256
204
217
193
262
366
294
83
95
185
94
235
297
304
300
252
154
300
231
297
214
400
175
134
94
146
96
286
114
188
325
345
225
163
338
165
257
360
350
306
328
224
127
40
117
182
214
80
294
341
103
325
225
285
183
201
142
378
116
272
178
56
132
314
265
332
336
82
132
216
85
91
274
139
208
192
171
203
297
94
201
285
127
157
214
97
141
362
242
177
359
90
161
59
297
330
386
56
373
173
190
82
379
212
390
376
108
43
98
176
90
273
124
178
206
209
249
395
149
213
382
196
263
154
374
324
251
114
387
329
370
226
389
219
182
336
247
65
269
102
357
235
340
150
240
73
53
94
170
152
149
399
371
286
228
207
180
137
154
331
53
139
209
395
381
46
254
184
238
174
87
397
281
225
205
166
82
392
120
392
226
82
119
206
237
329
128
95
204
159
245
248
154
148
105
133
146
110
383
240
125
51
303
218
321
288
123
146
382
319
107
43
52
145
132
153
258
308
305
145
391
224
132
218
173
167
382
120
374
208
106
203
124
179
386
261
165
254
334
78
390
351
236
196
191
116
268
109
232
331
325
130
365
100
240
366
246
65
282
123
75
350
191
180
145
378
120
162
107
48
276
294
385
361
179
135
379
356
243
50
253
266
378
92
350
42
332
359
189
69
241
384
319
81
127
156
191
383
79
365
323
191
60
171
66
42
282
364
392
53
140
186
275
111
117
367
89
144
202
163
206
170
42
221
313
293
151
188
121
173
283
104
319
373
328
41
163
364
388
126
308
215
238
124
245
92
60
380
291
177
273
51
171
176
239
216
281
162
88
145
343
210
162
173
104
250
220
87
53
186
399
351
236
400
155
261
373
286
96
129
284
350
258
343
374
349
336
336
216
182
266
365
146
398
177
136
319
122
311
118
312
105
87
103
176
395
110
53
356
41
77
363
110
65
364
51
361
96
61
71
276
184
139
354
156
292
134
127
136
186
93
214
164
194
337
137
292
94
342
155
220
196
129
266
393
86
178
266
386
375
273
375
97
95
245
228
59
246
191
72
275
103
203
145
47
280
97
334
317
88
75
223
277
124
227
317
245
112
198
391
387
93
355
41
366
252
145
393
107
215
110
51
137
135
63
301
376
347
81
128
356
357
383
171
183
310
81
283
114
277
302
81
128
230
150
205
387
124
56
224
250
210
196
329
96
344
208
75
77
68
132
306
192
181
197
342
247
176
388
197
310
90
249
143
139
217
216
348
173
115
51
314
359
207
279
297
212
166
297
90
273
222
301
232
175
389
170
264
361
115
327
198
287
198
50
89
203
195
341
60
264
305
73
288
367
244
128
394
75
275
84
210
129
289
48
375
144
241
98
228
173
210
262
166
316
60
272
211
158
323
159
154
399
91
76
385
126
194
133
267
79
282
195
250
360
385
99
326
87
299
174
204
279
65
372
132
378
341
93
189
127
339
128
162
240
346
96
387
370
230
163
234
118
69
183
203
381
335
293
282
178
375
307
40
297
117
279
352
230
213
164
146
57
168
332
346
276
195
170
314
287
368
97
44
332
329
220
239
327
305
232
263
78
371
98
353
361
303
323
154
327
351
359
90
117
301
113
265
386
375
342
269
113
91
267
203
218
298
141
43
105
399
178
186
263
54
365
393
302
212
347
313
53
52
80
85
123
265
275
52
376
318
254
346
357
279
245
265
266
316
115
114
313
317
217
87
138
112
237
378
142
68
384
156
339
224
200
42
75
260
332
189
46
291
149
188
122
354
301
187
98
58
333
92
145
329
118
200
321
255
44
227
334
135
54
128
260
60
288
151
257
130
367
356
275
154
351
129
159
152
244
74
261
198
264
178
309
119
311
186
309
54
63
52
373
231
223
169
307
215
107
318
57
187
129
105
170
96
279
236
109
198
392
158
149
125
106
94
366
159
338
171
99
363
118
164
79
87
295
323
299
258
61
285
388
300
48
249
348
122
352
40
176
390
92
160
155
57
329
265
352
187
114
202
167
99
391
174
220
397
249
306
345
221
159
171
311
360
125
71
180
151